(
Rubrobacter_xylanophilus-WP_011563862.1:0.43399,
CP001108.1_23505-25175:0.43522,
CP001108.1_1112762-1114405:0.41210);
